[[ 1.00000000e+00, -1.27475787e+02, -1.27000000e+02, -1.27475787e+00],
 [ 2.00000000e+00,  2.54887583e+01, -5.10000000e+01, -1.00712271e+00],
 [ 3.00000000e+00, -2.40026790e+01, -4.20000000e+01, -1.23707828e+00],
 [ 4.00000000e+00,  8.05832755e+00, -2.95000000e+01, -1.14412422e+00],
 [ 5.00000000e+00, -1.86904837e+02, -6.08000000e+01, -3.00173135e+00],
 [ 6.00000000e+00,  1.65772968e+00, -5.05000000e+01, -2.95513674e+00],
 [ 7.00000000e+00, -2.74566842e+01, -4.71428571e+01, -3.20015221e+00],
 [ 8.00000000e+00, -2.33800814e+01, -4.41250000e+01, -3.40195150e+00],
 [ 9.00000000e+00, -4.49386118e+01, -4.41111111e+01, -3.81731811e+00],
 [ 1.00000000e+01, -9.11638487e+01, -4.88000000e+01, -4.69078341e+00],
 [ 1.10000000e+01, -1.09430182e+02, -5.42727273e+01, -5.73817740e+00],
 [ 1.20000000e+01,  9.10940949e+01, -4.21666667e+01, -4.76985468e+00],
 [ 1.30000000e+01,  7.53540421e+01, -3.31538462e+01, -3.96861571e+00],
 [ 1.40000000e+01, -9.51567020e+01, -3.75714286e+01, -4.88049657e+00],
 [ 1.50000000e+01, -9.54803623e+01, -4.14000000e+01, -5.78649523e+00],
 [ 1.60000000e+01, -5.33936050e+00, -3.91250000e+01, -5.78202388e+00],
 [ 1.70000000e+01,  9.34779003e+01, -3.13529412e+01, -4.78942464e+00],
 [ 1.80000000e+01, -2.71309393e+00, -2.97222222e+01, -4.76866133e+00],
 [ 1.90000000e+01, -5.17950128e+01, -3.08421053e+01, -5.23892485e+00],
 [ 2.00000000e+01, -1.75468850e+01, -3.01500000e+01, -5.36200445e+00],
 [ 2.10000000e+01,  4.79408878e+01, -2.64761905e+01, -4.82897553e+00],
 [ 2.20000000e+01,  8.60988540e+01, -2.13636364e+01, -3.91969723e+00],
 [ 2.30000000e+01,  8.57240057e+01, -1.67391304e+01, -3.02326020e+00],
 [ 2.40000000e+01,  4.62359250e+00, -1.58750000e+01, -2.94679167e+00],
 [ 2.50000000e+01, -5.41785175e+01, -1.74000000e+01, -3.45910893e+00],
 [ 2.60000000e+01,  1.05760035e+02, -1.26923077e+01, -2.36691749e+00],
 [ 2.70000000e+01,  5.15292696e+01, -1.03333333e+01, -1.82795562e+00],
 [ 2.80000000e+01,  2.00474991e+02, -2.82142857e+00,  1.95073841e-01],
 [ 2.90000000e+01,  1.80141711e+02,  3.48275862e+00,  1.99454022e+00],
 [ 3.00000000e+01,  2.56882819e+01,  4.20000000e+00,  2.23147763e+00],
 [ 3.10000000e+01,  1.96907416e+02,  1.03870968e+01,  4.17823701e+00],
 [ 3.20000000e+01,  2.56095337e+02,  1.80625000e+01,  6.69740801e+00],
 [ 3.30000000e+01,  2.87318379e+02,  2.62121212e+01,  9.50361773e+00],
 [ 3.40000000e+01,  6.34108461e+00,  2.56176471e+01,  9.47199240e+00],
 [ 3.50000000e+01,  6.29712375e+01,  2.66571429e+01,  1.00069848e+01],
 [ 3.60000000e+01, -4.43213394e+01,  2.46944444e+01,  9.46370160e+00],
 [ 3.70000000e+01, -3.38350580e+01,  2.31351351e+01,  9.03071401e+00],
 [ 3.80000000e+01,  3.10479246e+01,  2.33421053e+01,  9.25088611e+00],
 [ 3.90000000e+01,  1.17258633e+02,  2.57435897e+01,  1.03309636e+01],
 [ 4.00000000e+01,  2.56796239e+02,  3.15000000e+01,  1.27956163e+01],
 [ 4.10000000e+01, -3.33883802e+01,  2.99268293e+01,  1.23337764e+01],
 [ 4.20000000e+01, -5.36766803e+01,  2.79523810e+01,  1.16736718e+01],
 [ 4.30000000e+01,  2.17130653e+02,  3.23488372e+01,  1.37282416e+01],
 [ 4.40000000e+01,  2.20180972e+02,  3.66136364e+01,  1.57927689e+01],
 [ 4.50000000e+01,  2.56287486e+02,  4.14888889e+01,  1.81977161e+01],
 [ 4.60000000e+01,  1.87291918e+02,  4.46521739e+01,  1.98886581e+01],
 [ 4.70000000e+01,  2.95583500e+02,  4.99787234e+01,  2.26456065e+01],
 [ 4.80000000e+01,  2.84853446e+02,  5.48541667e+01,  2.52676849e+01],
 [ 4.90000000e+01,  5.07394917e+01,  5.47551020e+01,  2.55224030e+01],
 [ 5.00000000e+01,  2.04909416e+02,  5.77400000e+01,  2.73162731e+01],
 [ 5.10000000e+01,  3.80584956e+02,  6.40588235e+01,  3.08489599e+01],
 [ 5.20000000e+01,  8.10930905e+01,  6.43846154e+01,  3.13514012e+01],
 [ 5.30000000e+01,  9.16183947e+01,  6.48867925e+01,  3.19540712e+01],
 [ 5.40000000e+01, -1.66439309e+01,  6.33888889e+01,  3.14680912e+01],
 [ 5.50000000e+01,  6.92591567e+01,  6.34909091e+01,  3.18460018e+01],
 [ 5.60000000e+01,  3.73023937e+02,  6.90178571e+01,  3.52577812e+01],
 [ 5.70000000e+01,  1.58491435e+02,  7.05789474e+01,  3.64901177e+01],
 [ 5.80000000e+01,  3.03205200e+02,  7.45862069e+01,  3.91572685e+01],
 [ 5.90000000e+01,  3.23665455e+02,  7.87966102e+01,  4.20023504e+01],
 [ 6.00000000e+01,  2.66268253e+02,  8.19166667e+01,  4.42450094e+01],
 [ 6.10000000e+01,  2.78584170e+02,  8.51311475e+01,  4.65884010e+01],
 [ 6.20000000e+01, -2.32637634e+01,  8.33870968e+01,  4.58898794e+01],
 [ 6.30000000e+01,  4.34299757e+02,  8.89523810e+01,  4.97739781e+01],
 [ 6.40000000e+01,  4.59658539e+02,  9.47343750e+01,  5.38728238e+01],
 [ 6.50000000e+01,  3.73134088e+02,  9.90153846e+01,  5.70654364e+01],
 [ 6.60000000e+01,  1.33484421e+02,  9.95303030e+01,  5.78296262e+01],
 [ 6.70000000e+01,  3.03711416e+02,  1.02567164e+02,  6.02884441e+01],
 [ 6.80000000e+01,  3.42701527e+02,  1.06088235e+02,  6.31125750e+01],
 [ 6.90000000e+01,  4.31885868e+02,  1.10797101e+02,  6.68003079e+01],
 [ 7.00000000e+01,  3.83218206e+02,  1.14685714e+02,  6.99644869e+01],
 [ 7.10000000e+01,  4.11342552e+02,  1.18859155e+02,  7.33782675e+01],
 [ 7.20000000e+01,  3.15552574e+02,  1.21583333e+02,  7.58000106e+01],
 [ 7.30000000e+01,  2.80056499e+02,  1.23753425e+02,  7.78425755e+01],
 [ 7.40000000e+01,  2.87065630e+02,  1.25959459e+02,  7.99348060e+01],
 [ 7.50000000e+01,  3.33675660e+02,  1.28720000e+02,  8.24722146e+01],
 [ 7.60000000e+01,  3.63962974e+02,  1.31802632e+02,  8.52871222e+01],
 [ 7.70000000e+01,  3.95233880e+02,  1.35220779e+02,  8.83865897e+01],
 [ 7.80000000e+01,  3.15089972e+02,  1.37525641e+02,  9.06536236e+01],
 [ 7.90000000e+01,  3.67422420e+02,  1.40430380e+02,  9.34213115e+01],
 [ 8.00000000e+01,  1.65403868e+02,  1.40737500e+02,  9.41411371e+01],
 [ 8.10000000e+01,  2.24523171e+02,  1.41765432e+02,  9.54449574e+01],
 [ 8.20000000e+01,  2.03917290e+01,  1.40280488e+02,  9.46944251e+01],
 [ 8.30000000e+01,  3.02303659e+02,  1.42228916e+02,  9.67705175e+01],
 [ 8.40000000e+01,  2.43496868e+02,  1.43428571e+02,  9.82377810e+01],
 [ 8.50000000e+01,  3.74372221e+02,  1.46141176e+02,  1.00999125e+02],
 [ 8.60000000e+01,  2.83945166e+02,  1.47732558e+02,  1.02828586e+02],
 [ 8.70000000e+01,  2.50111368e+02,  1.48908046e+02,  1.04301414e+02],
 [ 8.80000000e+01,  2.36811814e+02,  1.49897727e+02,  1.05626518e+02],
 [ 8.90000000e+01,  3.15944114e+02,  1.51752809e+02,  1.07729694e+02],
 [ 9.00000000e+01,  2.26915481e+02,  1.52577778e+02,  1.08921551e+02],
 [ 9.10000000e+01,  2.31444228e+02,  1.53439560e+02,  1.10146778e+02],
 [ 9.20000000e+01,  2.15481108e+02,  1.54108696e+02,  1.11200122e+02],
 [ 9.30000000e+01,  1.17624741e+02,  1.53709677e+02,  1.11264368e+02],
 [ 9.40000000e+01,  3.45858409e+02,  1.55744681e+02,  1.13610308e+02],
 [ 9.50000000e+01,  2.08186953e+02,  1.56294737e+02,  1.14556075e+02],
 [ 9.60000000e+01,  3.79367264e+02,  1.58614583e+02,  1.17204186e+02],
 [ 9.70000000e+01,  3.87666019e+02,  1.60969072e+02,  1.19908805e+02],
 [ 9.80000000e+01,  3.39099492e+02,  1.62785714e+02,  1.22100712e+02],
 [ 9.90000000e+01,  3.16470565e+02,  1.64333333e+02,  1.24044410e+02],
 [ 1.00000000e+02,  4.17604012e+02,  1.66860000e+02,  1.26980006e+02],
 [ 1.01000000e+02,  1.32582396e+02,  1.69450000e+02,  1.27036030e+02],
 [ 1.02000000e+02,  3.43253563e+02,  1.72630000e+02,  1.29198205e+02],
 [ 1.03000000e+02,  2.47013858e+02,  1.75340000e+02,  1.30376362e+02],
 [ 1.04000000e+02,  2.13981447e+02,  1.77390000e+02,  1.31212413e+02],
 [ 1.05000000e+02,  2.13711541e+02,  1.81380000e+02,  1.32037404e+02],
 [ 1.06000000e+02,  2.11600058e+02,  1.83480000e+02,  1.32833031e+02],
 [ 1.07000000e+02,  2.07591552e+02,  1.85820000e+02,  1.33580616e+02],
 [ 1.08000000e+02,  3.69237367e+02,  1.89740000e+02,  1.35937183e+02],
 [ 1.09000000e+02,  1.85867155e+02,  1.92030000e+02,  1.36436483e+02],
 [ 1.10000000e+02,  2.74257326e+02,  1.95680000e+02,  1.37814692e+02],
 [ 1.11000000e+02,  3.86274436e+02,  2.00630000e+02,  1.40299289e+02],
 [ 1.12000000e+02,  2.92990754e+02,  2.02640000e+02,  1.41826204e+02],
 [ 1.13000000e+02,  1.80111157e+02,  2.03690000e+02,  1.42209053e+02],
 [ 1.14000000e+02,  7.82606186e+01,  2.05420000e+02,  1.41569569e+02],
 [ 1.15000000e+02,  4.15477959e+02,  2.10520000e+02,  1.44308653e+02],
 [ 1.16000000e+02,  1.94287828e+02,  2.12510000e+02,  1.44808444e+02],
 [ 1.17000000e+02,  2.66325536e+02,  2.14240000e+02,  1.46023615e+02],
 [ 1.18000000e+02,  1.36328420e+02,  2.15620000e+02,  1.45926663e+02],
 [ 1.19000000e+02,  2.68897861e+02,  2.18810000e+02,  1.47156375e+02],
 [ 1.20000000e+02,  2.91824914e+02,  2.21890000e+02,  1.48603061e+02],
 [ 1.21000000e+02,  1.20554460e+01,  2.21540000e+02,  1.47237585e+02],
 [ 1.22000000e+02,  2.86497311e+02,  2.23540000e+02,  1.48630182e+02],
 [ 1.23000000e+02,  1.56147093e+02,  2.24250000e+02,  1.48705351e+02],
 [ 1.24000000e+02,  1.83673397e+02,  2.26040000e+02,  1.49055031e+02],
 [ 1.25000000e+02,  2.39508914e+02,  2.28970000e+02,  1.49959570e+02],
 [ 1.26000000e+02,  1.65052166e+02,  2.29570000e+02,  1.50110496e+02],
 [ 1.27000000e+02,  7.75198395e+01,  2.29830000e+02,  1.49384590e+02],
 [ 1.28000000e+02,  3.98374303e+02,  2.31810000e+02,  1.51874487e+02],
 [ 1.29000000e+02,  5.55897669e+01,  2.30560000e+02,  1.50911640e+02],
 [ 1.30000000e+02,  1.36219526e+02,  2.31670000e+02,  1.50764718e+02],
 [ 1.31000000e+02,  2.50654957e+02,  2.32210000e+02,  1.51763621e+02],
 [ 1.32000000e+02,  1.26159309e+02,  2.30910000e+02,  1.51507578e+02],
 [ 1.33000000e+02,  3.19340347e+02,  2.31230000e+02,  1.53185905e+02],
 [ 1.34000000e+02,  3.12911063e+02,  2.34290000e+02,  1.54783157e+02],
 [ 1.35000000e+02,  2.60369579e+02,  2.36270000e+02,  1.55839021e+02],
 [ 1.36000000e+02,  3.61868040e+02,  2.40320000e+02,  1.57899311e+02],
 [ 1.37000000e+02,  2.04224458e+01,  2.40850000e+02,  1.56524543e+02],
 [ 1.38000000e+02,  1.73767671e+02,  2.42270000e+02,  1.56696974e+02],
 [ 1.39000000e+02, -5.85039895e+00,  2.41050000e+02,  1.55071500e+02],
 [ 1.40000000e+02,  2.68650788e+02,  2.41170000e+02,  1.56207293e+02],
 [ 1.41000000e+02,  1.24554137e+02,  2.42740000e+02,  1.55890762e+02],
 [ 1.42000000e+02,  1.35569092e+02,  2.44620000e+02,  1.55687545e+02],
 [ 1.43000000e+02,  3.27609985e+02,  2.45720000e+02,  1.57406769e+02],
 [ 1.44000000e+02,  1.62308554e+02,  2.45140000e+02,  1.57455787e+02],
 [ 1.45000000e+02,  2.18255482e+02,  2.44760000e+02,  1.58063784e+02],
 [ 1.46000000e+02,  2.21929393e+02,  2.45100000e+02,  1.58702440e+02],
 [ 1.47000000e+02,  4.05929280e+02,  2.46200000e+02,  1.61174709e+02],
 [ 1.48000000e+02,  2.70467815e+00,  2.43380000e+02,  1.59590008e+02],
 [ 1.49000000e+02,  7.62995056e+00,  2.42950000e+02,  1.58070408e+02],
 [ 1.50000000e+02,  1.92314222e+02,  2.42830000e+02,  1.58412846e+02],
 [ 1.51000000e+02,  4.57741445e+02,  2.43600000e+02,  1.61406132e+02],
 [ 1.52000000e+02,  3.46808451e+02,  2.46250000e+02,  1.63260155e+02],
 [ 1.53000000e+02,  3.20492770e+02,  2.48540000e+02,  1.64832481e+02],
 [ 1.54000000e+02,  2.34997644e+02,  2.51040000e+02,  1.65534133e+02],
 [ 1.55000000e+02,  1.80750298e+02,  2.52150000e+02,  1.65686294e+02],
 [ 1.56000000e+02,  1.60315860e+02,  2.50020000e+02,  1.65632590e+02],
 [ 1.57000000e+02,  2.90599258e+02,  2.51340000e+02,  1.66882257e+02],
 [ 1.58000000e+02,  3.57666010e+02,  2.51880000e+02,  1.68790094e+02],
 [ 1.59000000e+02,  2.03327413e+02,  2.50680000e+02,  1.69135468e+02],
 [ 1.60000000e+02,  3.06543024e+02,  2.51080000e+02,  1.70509543e+02],
 [ 1.61000000e+02, -8.41878676e+00,  2.48220000e+02,  1.68720260e+02],
 [ 1.62000000e+02,  4.06598490e+02,  2.52510000e+02,  1.71099042e+02],
 [ 1.63000000e+02,  3.91907940e+02,  2.52080000e+02,  1.73307131e+02],
 [ 1.64000000e+02,  1.13360717e+01,  2.47600000e+02,  1.71687420e+02],
 [ 1.65000000e+02,  3.81803137e+02,  2.47680000e+02,  1.73788578e+02],
 [ 1.66000000e+02,  2.39399224e+02,  2.48740000e+02,  1.74444684e+02],
 [ 1.67000000e+02,  3.23044671e+02,  2.48940000e+02,  1.75930684e+02],
 [ 1.68000000e+02,  6.99720997e+01,  2.46210000e+02,  1.74871098e+02],
 [ 1.69000000e+02,  9.02578478e+01,  2.42800000e+02,  1.74024966e+02],
 [ 1.70000000e+02,  3.07040776e+02,  2.42040000e+02,  1.75355124e+02],
 [ 1.71000000e+02,  2.23776832e+02,  2.40160000e+02,  1.75839341e+02],
 [ 1.72000000e+02,  3.38491229e+02,  2.40390000e+02,  1.77465860e+02],
 [ 1.73000000e+02,  2.85780146e+02,  2.40440000e+02,  1.78549003e+02],
 [ 1.74000000e+02,  3.65204414e+02,  2.41220000e+02,  1.80415557e+02],
 [ 1.75000000e+02,  3.50939892e+02,  2.41390000e+02,  1.82120800e+02],
 [ 1.76000000e+02,  3.90341339e+02,  2.41660000e+02,  1.84203005e+02],
 [ 1.77000000e+02, -2.91281420e+00,  2.37690000e+02,  1.82331847e+02],
 [ 1.78000000e+02,  1.86271413e+02,  2.36400000e+02,  1.82371243e+02],
 [ 1.79000000e+02,  2.92104840e+02,  2.35650000e+02,  1.83468579e+02],
 [ 1.80000000e+02,  3.83628375e+02,  2.37830000e+02,  1.85470177e+02],
 [ 1.81000000e+02,  2.16129624e+02,  2.37750000e+02,  1.85776771e+02],
 [ 1.82000000e+02,  3.19315826e+02,  2.40740000e+02,  1.87112162e+02],
 [ 1.83000000e+02,  9.62406599e+01,  2.38680000e+02,  1.86203447e+02],
 [ 1.84000000e+02,  3.20159230e+02,  2.39450000e+02,  1.87543005e+02],
 [ 1.85000000e+02,  3.32278134e+02,  2.39030000e+02,  1.88990356e+02],
 [ 1.86000000e+02,  2.28373953e+02,  2.38480000e+02,  1.89384192e+02],
 [ 1.87000000e+02,  2.74982401e+02,  2.38720000e+02,  1.90240174e+02],
 [ 1.88000000e+02,  2.89880682e+02,  2.39250000e+02,  1.91236579e+02],
 [ 1.89000000e+02,  3.53465406e+02,  2.39630000e+02,  1.92858867e+02],
 [ 1.90000000e+02,  3.96213968e+02,  2.41330000e+02,  1.94892418e+02],
 [ 1.91000000e+02,  3.47705565e+02,  2.42490000e+02,  1.96420550e+02],
 [ 1.92000000e+02,  2.96122873e+02,  2.43300000e+02,  1.97417573e+02],
 [ 1.93000000e+02,  4.07295771e+01,  2.42530000e+02,  1.95850693e+02],
 [ 1.94000000e+02, -4.56662303e+01,  2.38630000e+02,  1.93435524e+02],
 [ 1.95000000e+02,  2.73426432e+02,  2.39280000e+02,  1.94235433e+02],
 [ 1.96000000e+02,  3.35993879e+02,  2.38840000e+02,  1.95653017e+02],
 [ 1.97000000e+02,  3.59656086e+02,  2.38560000e+02,  1.97293048e+02],
 [ 1.98000000e+02,  1.19575648e+02,  2.36360000e+02,  1.96515874e+02],
 [ 1.99000000e+02,  3.12271910e+02,  2.36320000e+02,  1.97673434e+02],
 [ 2.00000000e+02,  3.94180810e+02,  2.36090000e+02,  1.99638508e+02],
 [ 2.01000000e+02,  3.46011525e+02,  2.38230000e+02,  2.01102238e+02]]